%YAML:1.0
bike_features:
   id: "http://auburn.craigslist.org/bik/3515537166.html"
   features: !!opencv-matrix
      rows: 2
      cols: 1
      dt: d
      data: [ 2.9257381609828276e-01, 4.2420000000000002e+01 ]
bike_features:
   id: "http://bham.craigslist.org/bik/3557244798.html"
   features: !!opencv-matrix
      rows: 2
      cols: 1
      dt: d
      data: [ 2.7264665899192830e-01, 4.2420000000000002e+01 ]
bike_features:
   id: "http://bham.craigslist.org/bik/3514648222.html"
   features: !!opencv-matrix
      rows: 2
      cols: 1
      dt: d
      data: [ 3.0930348279991715e-01, 4.2420000000000002e+01 ]
bike_features:
   id: "http://dothan.craigslist.org/bik/3555661920.html"
   features: !!opencv-matrix
      rows: 2
      cols: 1
      dt: d
      data: [ 2.6651987457497656e-01, 4.2420000000000002e+01 ]
bike_features:
   id: "http://shoals.craigslist.org/bik/3557063464.html"
   features: !!opencv-matrix
      rows: 2
      cols: 1
      dt: d
      data: [ 2.7622897948433195e-01, 4.2420000000000002e+01 ]
bike_features:
   id: "http://shoals.craigslist.org/bik/3552176758.html"
   features: !!opencv-matrix
      rows: 2
      cols: 1
      dt: d
      data: [ 2.3964278751050347e-01, 4.2420000000000002e+01 ]
bike_features:
   id: "http://shoals.craigslist.org/bik/3536978616.html"
   features: !!opencv-matrix
      rows: 2
      cols: 1
      dt: d
      data: [ 2.6232628297093724e-01, 4.2420000000000002e+01 ]
bike_features:
   id: "http://shoals.craigslist.org/bik/3536978616.html"
   features: !!opencv-matrix
      rows: 2
      cols: 1
      dt: d
      data: [ 2.7415076113723502e-01, 4.2420000000000002e+01 ]
bike_features:
   id: "http://shoals.craigslist.org/bik/3536933284.html"
   features: !!opencv-matrix
      rows: 2
      cols: 1
      dt: d
      data: [ 2.7415076113723502e-01, 4.2420000000000002e+01 ]
bike_features:
   id: "http://shoals.craigslist.org/bik/3536933284.html"
   features: !!opencv-matrix
      rows: 2
      cols: 1
      dt: d
      data: [ 2.6232628297093724e-01, 4.2420000000000002e+01 ]
bike_features:
   id: "http://shoals.craigslist.org/bik/3530315802.html"
   features: !!opencv-matrix
      rows: 2
      cols: 1
      dt: d
      data: [ 2.7347177275240853e-01, 4.2420000000000002e+01 ]
bike_features:
   id: "http://shoals.craigslist.org/bik/3515380686.html"
   features: !!opencv-matrix
      rows: 2
      cols: 1
      dt: d
      data: [ 2.9421336810748744e-01, 4.2420000000000002e+01 ]
bike_features:
   id: "http://shoals.craigslist.org/bik/3515380686.html"
   features: !!opencv-matrix
      rows: 2
      cols: 1
      dt: d
      data: [ 2.9440106078480455e-01, 4.2420000000000002e+01 ]
bike_features:
   id: "http://shoals.craigslist.org/bik/3490082899.html"
   features: !!opencv-matrix
      rows: 2
      cols: 1
      dt: d
      data: [ 2.5855477923007081e-01, 4.2420000000000002e+01 ]
bike_features:
   id: "http://shoals.craigslist.org/bik/3490086019.html"
   features: !!opencv-matrix
      rows: 2
      cols: 1
      dt: d
      data: [ 2.5929688817484092e-01, 4.2420000000000002e+01 ]
bike_features:
   id: "http://gadsden.craigslist.org/bik/3556012895.html"
   features: !!opencv-matrix
      rows: 2
      cols: 1
      dt: d
      data: [ 2.6346343919678850e-01, 4.2420000000000002e+01 ]
bike_features:
   id: "http://gadsden.craigslist.org/bik/3555532591.html"
   features: !!opencv-matrix
      rows: 2
      cols: 1
      dt: d
      data: [ 2.7685227388105071e-01, 4.2420000000000002e+01 ]
bike_features:
   id: "http://gadsden.craigslist.org/bik/3548809568.html"
   features: !!opencv-matrix
      rows: 2
      cols: 1
      dt: d
      data: [ 2.8008287320697023e-01, 4.2420000000000002e+01 ]
bike_features:
   id: "http://gadsden.craigslist.org/bik/3544190730.html"
   features: !!opencv-matrix
      rows: 2
      cols: 1
      dt: d
      data: [ 2.7742931250432967e-01, 4.2420000000000002e+01 ]
bike_features:
   id: "http://gadsden.craigslist.org/bik/3542406502.html"
   features: !!opencv-matrix
      rows: 2
      cols: 1
      dt: d
      data: [ 2.8816968275423455e-01, 4.2420000000000002e+01 ]
bike_features:
   id: "http://gadsden.craigslist.org/bik/3527809657.html"
   features: !!opencv-matrix
      rows: 2
      cols: 1
      dt: d
      data: [ 2.8287795298286639e-01, 4.2420000000000002e+01 ]
bike_features:
   id: "http://huntsville.craigslist.org/bik/3556772537.html"
   features: !!opencv-matrix
      rows: 2
      cols: 1
      dt: d
      data: [ 2.8119198821625579e-01, 4.2420000000000002e+01 ]
bike_features:
   id: "http://huntsville.craigslist.org/bik/3556020140.html"
   features: !!opencv-matrix
      rows: 2
      cols: 1
      dt: d
      data: [ 2.6346343919678850e-01, 4.2420000000000002e+01 ]
bike_features:
   id: "http://mobile.craigslist.org/bik/3500295241.html"
   features: !!opencv-matrix
      rows: 2
      cols: 1
      dt: d
      data: [ 2.6268123009575256e-01, 4.2420000000000002e+01 ]
bike_features:
   id: "http://mobile.craigslist.org/bik/3504226196.html"
   features: !!opencv-matrix
      rows: 2
      cols: 1
      dt: d
      data: [ 2.8655064827270627e-01, 4.2420000000000002e+01 ]
bike_features:
   id: "http://mobile.craigslist.org/bid/3531592774.html"
   features: !!opencv-matrix
      rows: 2
      cols: 1
      dt: d
      data: [ 2.5023341769549401e-01, 4.2420000000000002e+01 ]
bike_features:
   id: "http://mobile.craigslist.org/bid/3525521196.html"
   features: !!opencv-matrix
      rows: 2
      cols: 1
      dt: d
      data: [ 2.9390236979309114e-01, 4.2420000000000002e+01 ]
bike_features:
   id: "http://mobile.craigslist.org/bik/3534347026.html"
   features: !!opencv-matrix
      rows: 2
      cols: 1
      dt: d
      data: [ 2.5841441216086369e-01, 4.2420000000000002e+01 ]
bike_features:
   id: "http://montgomery.craigslist.org/bik/3555217618.html"
   features: !!opencv-matrix
      rows: 2
      cols: 1
      dt: d
      data: [ 2.4130708712517324e-01, 4.2420000000000002e+01 ]
bike_features:
   id: "http://montgomery.craigslist.org/bik/3554615374.html"
   features: !!opencv-matrix
      rows: 2
      cols: 1
      dt: d
      data: [ 3.1089416732279052e-01, 4.2420000000000002e+01 ]
bike_features:
   id: "http://montgomery.craigslist.org/bik/3517443104.html"
   features: !!opencv-matrix
      rows: 2
      cols: 1
      dt: d
      data: [ 2.9883433072121596e-01, 4.2420000000000002e+01 ]
bike_features:
   id: "http://montgomery.craigslist.org/bik/3550034248.html"
   features: !!opencv-matrix
      rows: 2
      cols: 1
      dt: d
      data: [ 2.6510281834176719e-01, 4.2420000000000002e+01 ]
bike_features:
   id: "http://montgomery.craigslist.org/bik/3548428454.html"
   features: !!opencv-matrix
      rows: 2
      cols: 1
      dt: d
      data: [ 2.5721336923331289e-01, 4.2420000000000002e+01 ]
bike_features:
   id: "http://montgomery.craigslist.org/bik/3495233346.html"
   features: !!opencv-matrix
      rows: 2
      cols: 1
      dt: d
      data: [ 2.4384874687132865e-01, 4.2420000000000002e+01 ]
bike_features:
   id: "http://tuscaloosa.craigslist.org/bik/3485875044.html"
   features: !!opencv-matrix
      rows: 2
      cols: 1
      dt: d
      data: [ 2.7993259273569576e-01, 4.2420000000000002e+01 ]
bike_features:
   id: "http://tuscaloosa.craigslist.org/bik/3485760466.html"
   features: !!opencv-matrix
      rows: 2
      cols: 1
      dt: d
      data: [ 3.2402444063283753e-01, 4.2420000000000002e+01 ]
bike_features:
   id: "http://tuscaloosa.craigslist.org/bik/3485760466.html"
   features: !!opencv-matrix
      rows: 2
      cols: 1
      dt: d
      data: [ 2.9911020753041090e-01, 4.2420000000000002e+01 ]
bike_features:
   id: "http://tuscaloosa.craigslist.org/bik/3547668305.html"
   features: !!opencv-matrix
      rows: 2
      cols: 1
      dt: d
      data: [ 2.9553845107511606e-01, 4.2420000000000002e+01 ]
