   -
      postid: "http://statesboro.craigslist.org/bik/3522290103.html"
      imagename: "3Kc3mf3J55G95He5Jfd149d02629d98b21a42.jpg"
      features: !!opencv-matrix
         rows: 2
         cols: 1
         dt: d
         data: [ 2.7121807094795314e-01, 4.2420000000000002e+01 ]
   -
      postid: "http://statesboro.craigslist.org/bik/3536599525.html"
      imagename: "3E43Mf3l85F55Jc5M2d1abb65b9f51731150f.jpg"
      features: !!opencv-matrix
         rows: 2
         cols: 1
         dt: d
         data: [ 2.9029977769224757e-01, 4.2420000000000002e+01 ]
   -
      postid: "http://statesboro.craigslist.org/bik/3545351572.html"
      imagename: "3Ed3K33H45E95Hd5Mdd1e3423bb516f6f1534.jpg"
      features: !!opencv-matrix
         rows: 2
         cols: 1
         dt: d
         data: [ 2.7712118269436015e-01, 4.2420000000000002e+01 ]
   -
      postid: "http://statesboro.craigslist.org/bik/3492445218.html"
      imagename: "3K83L53Fc5N55I75H6cck2be80791b73d1f95.jpg"
      features: !!opencv-matrix
         rows: 2
         cols: 1
         dt: d
         data: [ 2.7391281970956710e-01, 4.2420000000000002e+01 ]
   -
      postid: "http://savannah.craigslist.org/bik/3543512745.html"
      imagename: "3E33Ia3Nb5Gb5E95Kbd1db9fa3c40420b18f2.jpg"
      features: !!opencv-matrix
         rows: 2
         cols: 1
         dt: d
         data: [ 2.8219791307788472e-01, 4.2420000000000002e+01 ]
   -
      postid: "http://savannah.craigslist.org/bik/3495845060.html"
      imagename: "3E73L63M55H45Je5R2ccme640bbd7ef9717cc.jpg"
      features: !!opencv-matrix
         rows: 2
         cols: 1
         dt: d
         data: [ 2.9689734256285139e-01, 4.2420000000000002e+01 ]
   -
      postid: "http://savannah.craigslist.org/bik/3545973105.html"
      imagename: "3F43Lc3pd5G15E45Hbd1e1b4dbabea5ed1a01.jpg"
      features: !!opencv-matrix
         rows: 2
         cols: 1
         dt: d
         data: [ 2.7149483886761216e-01, 4.2420000000000002e+01 ]
   -
      postid: "http://nwga.craigslist.org/bik/3553349173.html"
      imagename: "3K63k93Hc5E85Ka5F8d1h382596f055cd1d22.jpg"
      features: !!opencv-matrix
         rows: 2
         cols: 1
         dt: d
         data: [ 3.1638379619537949e-01, 4.2420000000000002e+01 ]
   -
      postid: "http://nwga.craigslist.org/bik/3545588908.html"
      imagename: "3Ec3Le3N95Lb5K45Jcd1e3930e2576b611973.jpg"
      features: !!opencv-matrix
         rows: 2
         cols: 1
         dt: d
         data: [ 3.2725799635123154e-01, 4.2420000000000002e+01 ]
   -
      postid: "http://nwga.craigslist.org/bik/3555372176.html"
      imagename: "3Gf3Ie3o15Gb5E85H4d1ie9dced90d6d71841.jpg"
      features: !!opencv-matrix
         rows: 2
         cols: 1
         dt: d
         data: [ 2.7641363005413833e-01, 4.2420000000000002e+01 ]
   -
      postid: "http://nwga.craigslist.org/bik/3549999097.html"
      imagename: "3Ga3L63J75E65Ff5M1d1gcc8a8242a0f51df7.jpg"
      features: !!opencv-matrix
         rows: 2
         cols: 1
         dt: d
         data: [ 2.5787037554001740e-01, 4.2420000000000002e+01 ]
   -
      postid: "http://macon.craigslist.org/bik/3554948390.html"
      imagename: "3Ef3Ge3M35L35Kd5F9d1i5ce37dbab5bd1d41.jpg"
      features: !!opencv-matrix
         rows: 2
         cols: 1
         dt: d
         data: [ 2.6759322790746082e-01, 4.2420000000000002e+01 ]
   -
      postid: "http://macon.craigslist.org/bik/3556317311.html"
      imagename: "3G23Ff3J45N75G85H1d1j988d51bdba3710f4.jpg"
      features: !!opencv-matrix
         rows: 2
         cols: 1
         dt: d
         data: [ 2.5544406749994081e-01, 4.2420000000000002e+01 ]
   -
      postid: "http://macon.craigslist.org/bik/3502161851.html"
      imagename: "3M13J33N55L25G45Y1ccq468d042973711d11.jpg"
      features: !!opencv-matrix
         rows: 2
         cols: 1
         dt: d
         data: [ 2.2050811630555991e-01, 4.2420000000000002e+01 ]
   -
      postid: "http://macon.craigslist.org/bik/3557610080.html"
      imagename: "3Ef3G83Nf5Lf5Ne5H8d1j9697cc0088c3181e.jpg"
      features: !!opencv-matrix
         rows: 2
         cols: 1
         dt: d
         data: [ 2.4853072772436452e-01, 4.2420000000000002e+01 ]
   -
      postid: "http://columbusga.craigslist.org/bik/3549745658.html"
      imagename: "3E43Le3Na5Ib5L45K3d1g382e6bd0450d1f36.jpg"
      features: !!opencv-matrix
         rows: 2
         cols: 1
         dt: d
         data: [ 2.7356823647558115e-01, 4.2420000000000002e+01 ]
   -
      postid: "http://columbusga.craigslist.org/bik/3515285785.html"
      imagename: "3k73Fb3If5I45E35Fbd1b6653b26ce1491790.jpg"
      features: !!opencv-matrix
         rows: 2
         cols: 1
         dt: d
         data: [ 2.9257381609828276e-01, 4.2420000000000002e+01 ]
   -
      postid: "http://columbusga.craigslist.org/bik/3539689718.html"
      imagename: "3G63Nf3H95N95Fe5H3d1be47692e8fd451f49.jpg"
      features: !!opencv-matrix
         rows: 2
         cols: 1
         dt: d
         data: [ 2.2448288639889488e-01, 4.2420000000000002e+01 ]
   -
      postid: "http://columbusga.craigslist.org/bik/3556776832.html"
      imagename: "3Ea3L43N35Ic5Fb5H5d1j965136daa257180c.jpg"
      features: !!opencv-matrix
         rows: 2
         cols: 1
         dt: d
         data: [ 2.7769453747839673e-01, 4.2420000000000002e+01 ]
   -
      postid: "http://columbusga.craigslist.org/bik/3525374961.html"
      imagename: "3Mf3pc3ob5Ne5G75T5d1561ce9259b1b61f5c.jpg"
      features: !!opencv-matrix
         rows: 2
         cols: 1
         dt: d
         data: [ 3.0634260548113423e-01, 4.2420000000000002e+01 ]
   -
      postid: "http://columbusga.craigslist.org/bid/3557820314.html"
      imagename: "3Fe3pb3Hc5N45F25Jed1je67d48670bb515db.jpg"
      features: !!opencv-matrix
         rows: 2
         cols: 1
         dt: d
         data: [ 2.6999168156065623e-01, 4.2420000000000002e+01 ]
   -
      postid: "http://brunswick.craigslist.org/bik/3542623230.html"
      imagename: "3md3N83ld5N45K85F4d1df7cafa265ac31c57.jpg"
      features: !!opencv-matrix
         rows: 2
         cols: 1
         dt: d
         data: [ 2.6252064296418626e-01, 4.2420000000000002e+01 ]
   -
      postid: "http://brunswick.craigslist.org/bik/3497632578.html"
      imagename: "3I53F43Ne5Ne5G85Hcccn1cad36f93e4a1f7b.jpg"
      features: !!opencv-matrix
         rows: 2
         cols: 1
         dt: d
         data: [ 2.7686399723743516e-01, 4.2420000000000002e+01 ]
   -
      postid: "http://brunswick.craigslist.org/bik/3486294233.html"
      imagename: "3E13K63H15Ld5Z35M4cci5a4690857ed6193f.jpg"
      features: !!opencv-matrix
         rows: 2
         cols: 1
         dt: d
         data: [ 2.7718871712582821e-01, 4.2420000000000002e+01 ]
   -
      postid: "http://brunswick.craigslist.org/bik/3529637462.html"
      imagename: "3K63M13F45I35E45S3d17eb994dddc1a11ae0.jpg"
      features: !!opencv-matrix
         rows: 2
         cols: 1
         dt: d
         data: [ 2.5045138974641562e-01, 4.2420000000000002e+01 ]
   -
      postid: "http://augusta.craigslist.org/bik/3557684766.html"
      imagename: "3Ic3Ja3Hc5I65F45Jbd1j57ef93a529e91177.jpg"
      features: !!opencv-matrix
         rows: 2
         cols: 1
         dt: d
         data: [ 2.4979268305347743e-01, 4.2420000000000002e+01 ]
   -
      postid: "http://athensga.craigslist.org/bik/3509195575.html"
      imagename: "3G63Ff3J25I55G65Eccctcc9cc1c2c16b15c0.jpg"
      features: !!opencv-matrix
         rows: 2
         cols: 1
         dt: d
         data: [ 2.7590089886268626e-01, 4.2420000000000002e+01 ]
   -
      postid: "http://athensga.craigslist.org/bik/3557363602.html"
      imagename: "3E43o23Nf5Na5G45J8d1j82fa4bcb0f861f70.jpg"
      features: !!opencv-matrix
         rows: 2
         cols: 1
         dt: d
         data: [ 3.0268843635823872e-01, 4.2420000000000002e+01 ]
   -
      postid: "http://athensga.craigslist.org/bik/3557448536.html"
      imagename: "3Lf3Fc3p05Ne5Gf5E8d1j1e2d341e62c91e4b.jpg"
      features: !!opencv-matrix
